,,140.6,27.70151383506624,85.33190581100408
,,140.8,27.70151279478402,85.33190603872585
,,141.0,27.701511238571342,85.33190637938678
,,141.2,27.701509170059552,85.33190683219195
,,141.4,27.701506593638825,85.33190739618034
,,141.6,27.701503514591774,85.33190807019557
,,141.8,27.701499939244705,85.33190885285276
,,142.0,27.70149587513617,85.33190974250172
,,142.2,27.70149133120169,85.33191073718643
,,142.4,27.701486317972655,85.33191183460153
,,142.6,27.701480847786407,85.3319130320463
,,142.8,27.70147493500301,85.33191432637729
,,143.0,27.70146859622279,85.33191571396061
,,143.2,27.70146185049695,85.3319171906259
,,143.4,27.701454719521784,85.33191875162375
,,143.6,27.701447227805183,85.33192039158928
,,143.8,27.70143940279271,85.33192210451456
,,144.0,27.70143127493929,85.33192388373288
,,144.2,27.701422877712208,85.33192572191814
,,144.4,27.701414247511778,85.33192761110215
,,144.6,27.701405423497608,85.33192954271273
,,144.8,27.70139644731166,85.33193150763431
,,145.0,27.70138736269375,85.33193349629205
,,145.2,27.701378214990854,85.33193549875934
,,145.4,27.70136905056824,85.33193750488664
,,145.6,27.701359916137672,85.33193950444857
,,145.8,27.701350858024572,85.3319414873043
,,146.0,27.701341921402122,85.33194344356528
,,146.2,27.701333149524327,85.331945363763
,,146.4,27.70132458299207,85.3319472390098
,,146.6,27.701316259085342,85.33194906114495
,,146.8,27.701308211191513,85.33195082285982
,,147.0,27.70130046835335,85.33195251779682
,,147.2,27.701301457393146,85.33194943334546
,,147.4,27.701299773505646,85.33195825780368
,,147.6,27.701298000283604,85.331967550422
,,147.8,27.70129614177779,85.33197728997224
,,148.0,27.701294202519314,85.33198745270899
,,148.2,27.70129218753612,85.3319980122832
,,148.4,27.701290102361863,85.33200893969557
,,148.6,27.701287953035905,85.33202020329668
,,148.8,27.701285746093358,85.33203176883907
,,149.0,27.7012834885444,85.33204359958576
,,149.2,27.701281187842405,85.33205565647711
,,149.4,27.7012788518409,85.3320678983565
,,149.6,27.701276488739754,85.33208028225228
,,149.8,27.701274107021348,85.33209276371232
,,150.0,27.701271715377917,85.33210529718474
,,150.2,27.701269322631447,85.33211783643766
,,150.4,27.701266937647727,85.33213033500968
,,150.6,27.70126456924624,85.33214274668205
,,150.8,27.701262226107644,85.33215502596356
,,151.0,27.70125991668054,85.33216712857906
,,151.2,27.701257649089293,85.33217901195263
,,151.4,27.701255431044594,85.33219063567618
,,151.6,27.701253269758592,85.33220196195423
,,151.8,27.70125117186639,85.33221295601534
,,152.0,27.701249143355763,85.33222358648041
,,152.2,27.70124718950701,85.33223382567792
,,152.4,27.701245314844623,85.33224364989711
,,152.6,27.70124352310245,85.33225303957069
,,152.8,27.701241817203393,85.33226197938106
,,153.0,27.701229992530205,85.33226818356388
,,153.2,27.701222948728436,85.33227239258979
,,153.4,27.701215681493945,85.33227673512799
,,153.6,27.70120822589369,85.33228119022421
,,153.8,27.701200619455562,85.33228573545364
,,154.0,27.70119290182856,85.33229034712402
,,154.2,27.70118511433118,85.33229500054546
,,154.4,27.70117729939373,85.33229967036372
,,154.6,27.701169499908474,85.33230433094853
,,154.8,27.70116175850992,85.33230895682361
,,155.0,27.701154116814887,85.33231352312082
,,155.2,27.70114661465764,85.33231800603717
,,155.4,27.701139289357858,85.33232238327231
,,155.6,27.701132175058707,85.33232663442395
,,155.8,27.70112530216787,85.33233074132197
,,156.0,27.701121024796272,85.33233401402639
,,156.2,27.70111843902212,85.3323423633301
,,156.4,27.701115744281783,85.33235106447886
,,156.6,27.70111295109297,85.33236008351159
,,156.8,27.70111007097109,85.3323693832458
,,157.0,27.701107116393317,85.33237892339345
,,157.2,27.701104100730788,85.33238866077996
,,157.4,27.70110103814638,85.33239854967431
,,157.6,27.701097943457302,85.33240854223261
,,157.8,27.701094831963623,85.33241858905195
,,158.0,27.70109171924595,85.33242863982348
,,158.2,27.701088620937938,85.33243864406712
,,158.4,27.701085552481118,85.33244855192312
,,158.6,27.701082528871606,85.33245831496995
,,158.8,27.70107956440908,85.33246788703484
,,159.0,27.70107667245908,85.33247722496131
,,159.2,27.701073865239056,85.33248628929996
,,159.4,27.70107115363745,85.33249504489268
,,159.6,27.70106854707305,85.33250346132682
,,159.8,27.70106829166986,85.332505722098
,,160.0,27.701075613805997,85.3325090066926
,,160.2,27.701083208379284,85.33251241349821
,,160.4,27.70109104202789,85.33251592754922
,,160.6,27.701099078607044,85.33251953263168
,,160.8,27.701107279407754,85.33252321138133
,,161.0,27.70111759522342,85.3325212813229
,,161.2,27.701125999825486,85.33252505149461
,,161.4,27.701134440946067,85.33252883804795
,,161.6,27.701142873952154,85.33253262096126
,,161.8,27.701151254294004,85.33253638025023
,,162.0,27.70115953825985,85.33254009630645
,,162.2,27.701167683744675,85.33254375024227
,,162.4,27.70117565099745,85.332547324226
,,162.6,27.701183403311017,85.33255080179138
,,162.8,27.701190907621715,85.33255416810663
,,163.0,27.701198134991635,85.3325574101906
,,163.2,27.70120588890728,85.33256163060611
,,163.4,27.70121258330365,85.33256599324643
,,163.6,27.701219484076287,85.33257049037917
,,163.8,27.70122655538482,85.33257509864764
,,164.0,27.701233759027325,85.33257979315624
,,164.2,27.701241054843543,85.3325845477331
,,164.4,27.701248401236807,85.33258933527028
,,164.6,27.701255755804713,85.33259412813476
,,164.8,27.701263076058588,85.33259889863729
,,165.0,27.70127032020267,85.33260361954017
,,165.2,27.701277447935976,85.33260826457985
,,165.4,27.70128442123529,85.33261280897716
,,165.6,27.70129120507674,85.33261722990754
,,165.8,27.701297768056968,85.3326215069059
,,166.0,27.701303599085055,85.33262488318069
,,166.2,27.701310336980228,85.33262840130676
,,166.4,27.701317150837607,85.33263195909576
,,166.6,27.70132399525571,85.33263553284173
,,166.8,27.701330824550087,85.33263909869102
,,167.0,27.70133759369251,85.33264263313254
,,167.2,27.701344259287776,85.33264611350793
,,167.4,27.701350780528987,85.33264951851025
,,167.6,27.701357396278627,85.33265317347812
,,167.8,27.701363929838244,85.33265701804076
,,168.0,27.701370779743122,85.33266104875143
,,168.2,27.70137792006741,85.3326652503545
,,168.4,27.701385322143683,85.3326696059811
,,168.6,27.701392954588293,85.33267409716403
,,168.8,27.701400783406676,85.3326787038998
,,169.0,27.70140627905263,85.33268880971336
,,169.2,27.70141438926497,85.33269358203064
,,169.4,27.701422580641776,85.33269840210778
,,169.6,27.70143081167109,85.33270324551776
,,169.8,27.701439040166097,85.33270808743649
,,170.0,27.701447223904875,85.33271290301916
,,170.2,27.70145532131585,85.33271766780368
,,170.4,27.701463292181277,85.33272235812463
,,170.6,27.70147109832806,85.33272695151967
,,170.8,27.701478704274496,85.33273142711022
,,171.0,27.7014860778033,85.33273576593854
,,171.2,27.70149319043571,85.33273995124678
,,171.4,27.70150001778774,85.3327439686866
,,171.6,27.701506561908992,85.33274741839878
,,171.8,27.701513664387143,85.33275111276085
,,172.0,27.701521177436195,85.33275502068183
,,172.2,27.701529087241468,85.33275913497602
,,172.4,27.701537378226096,85.33276344754105
,,172.6,27.70154603296258,85.33276794931206
,,172.8,27.701555032106633,85.33277263022703
,,173.0,27.701564354357917,85.3327774792066
,,173.2,27.7015739764518,85.33278248414965
,,173.4,27.70158387318546,85.33278763194687
,,173.6,27.70159401748039,85.33279290851338
,,173.8,27.701604380482266,85.33279829884056
,,174.0,27.701614931697524,85.33280378706714
,,174.2,27.701625639164593,85.33280935656826
,,174.4,27.70163646965657,85.33281499006094
,,174.6,27.701647388910985,85.3328206697235
,,174.8,27.701658361881837,85.33282637732673
,,175.0,27.701669353008768,85.33283209437387
,,175.2,27.70168032649856,85.33283780224701
,,175.4,27.70169124661462,85.33284348235776
,,175.6,27.701702077970815,85.33284911629997
,,175.8,27.701712785826913,85.33285468600346
,,176.0,27.701723336383267,85.3328601738873
,,176.2,27.70173369707287,85.33286556301175
,,176.4,27.701743836848788,85.33287083722769
,,176.6,27.70175372646435,85.33287598132243
,,176.8,27.70176333874287,85.33288098115999
,,177.0,27.701774905965216,85.33288028814145
,,177.2,27.701783891571893,85.33288496201494
,,177.4,27.70179253316751,85.33288945695071
,,177.6,27.701800814161146,85.33289376431892
,,177.8,27.701808721029998,85.33289787708573
,,178.0,27.701816243402238,85.33290178985618
,,178.2,27.701823646773846,85.33291876490433
,,178.4,27.70182084235746,85.33292760438982
,,178.6,27.701817886293362,85.33293692186699
,,178.8,27.701814783732736,85.33294670109939
,,179.0,27.70181154045305,85.33295692387651
,,179.2,27.701808162883125,85.3329675699348
,,179.4,27.701804658119695,85.33297861690542
,,179.6,27.70180108947655,85.3329898652241
,,179.8,27.701797468237014,85.33300127932597
,,180.0,27.701793805910473,85.33301282293355
,,180.2,27.701790114129558,85.33302445938095
,,180.4,27.701786404544183,85.3330361519478
,,180.6,27.701782688715184,85.33304786419447
,,180.8,27.70177897801032,85.33305956028991
,,181.0,27.701775283505047,85.33307120532447
,,181.2,27.701771615889932,85.33308276560157
,,181.4,27.701767985386343,85.3330942089036
,,181.6,27.7017644016714,85.33310550472841
,,181.8,27.70176087381286,85.33311662449455
,,182.0,27.70175741021428,85.33312754171406
,,182.2,27.701754018570565,85.33313823213277
,,182.4,27.701750705833685,85.3331486738381
,,182.6,27.701747478188484,85.33315884733553
,,182.8,27.70174434103817,85.33316873559417
,,183.0,27.70174129899924,85.33317832406296
,,183.2,27.701738355905352,85.33318760065819
,,183.4,27.701735514819802,85.33319655572441
,,183.6,27.701732778056012,85.33320518196975
,,183.8,27.701730147205463,85.33321347437787
,,184.0,27.701727439324753,85.3332220095841
,,184.2,27.70172466860558,85.33323074285639
,,184.4,27.701721850124603,85.33323962667328
,,184.6,27.70171899967515,85.33324861125439
,,184.8,27.701716133553397,85.33325764523441
,,185.0,27.701708188656806,85.33326462061348
,,185.2,27.70170534078564,85.33327359706787
,,185.4,27.7017025264542,85.33328246780549
,,185.6,27.701699761167358,85.33329118395513
,,185.8,27.701697059473297,85.33329969966111
,,186.0,27.70169443469095,85.33330797294234
,,186.2,27.701691898679705,85.33331596641816
,,186.4,27.70169091215445,85.33332326811819
,,186.6,27.701690170024,85.33333139032366
,,186.8,27.701689432537773,85.33333946170076
,,187.0,27.70168870469692,85.33334742751451
,,187.2,27.7016879912336,85.33335523597417
,,187.4,27.70168604979435,85.33336317850623
,,187.6,27.701683892484205,85.33337089264981
,,187.8,27.70168162368352,85.333379005463
,,188.0,27.70167925174252,85.33338748708697
,,188.2,27.701676785939547,85.33339630434405
,,188.4,27.701674236484568,85.33340542072528
,,188.6,27.701671614497393,85.33341479646829
,,188.8,27.701668931956778,85.33342438873925
,,189.0,27.701666201617456,85.33343415192957
,,189.2,27.70166343689354,85.33344403807286
,,189.4,27.701660651708558,85.33345399738114
,,189.6,27.701657860314427,85.33346397889221
,,189.8,27.701655077083963,85.33347393121151
,,190.0,27.701652316283738,85.33348380332441
,,190.2,27.701649591835984,85.33349354544757
,,190.4,27.70164691707966,85.33350310988332
,,190.6,27.701644304541386,85.33351245183881
,,190.8,27.70164176572684,85.33352153017182
,,191.0,27.70163931094206,85.33353030802988
,,191.2,27.701636949152203,85.33353875335521
,,191.4,27.701636660111053,85.33354499899895
,,191.6,27.70163903247816,85.33355344831506
,,191.8,27.70164149831163,85.33356223051678
,,192.0,27.701644047268797,85.3335713087681
,,192.2,27.701646668091445,85.33358064297231
,,192.4,27.701649348659767,85.33359018996401
,,192.6,27.701652076079114,85.33359990381824
,,192.8,27.701654836801143,85.33360973628179
,,193.0,27.70166276025349,85.33361779502842
,,193.2,27.701665545127828,85.33362771351175
,,193.4,27.701668320440415,85.33363759794038
,,193.6,27.701671071865896,85.33364739729376
,,193.8,27.701673785454254,85.33365706188815
,,194.0,27.701676447872806,85.33366654423845
,,194.2,27.70167904663677,85.33367579987944
,,194.4,27.701681570317632,85.33368478810783
,,194.6,27.701684008719806,85.33369347261146
,,194.8,27.701686353018076,85.33370182195887
,,195.0,27.70168619543319,85.33371473423247
,,195.2,27.70168446211623,85.33372327810457
,,195.4,27.70168265956677,85.33373216323774
,,195.6,27.70168079543934,85.33374135190128
,,195.8,27.701678878071387,85.33375080299818
,,196.0,27.70167691644343,85.33376047226167
,,196.2,27.701674920114336,85.33377031257409
,,196.4,27.70167289913069,85.33378027441384
,,196.6,27.701670863910323,85.33379030642928
,,196.8,27.7016688251021,85.33380035612998
,,197.0,27.701666793425634,85.33381037067682
,,197.2,27.701664779496458,85.33382029774364
,,197.4,27.701662793643695,85.33383008641611
,,197.6,27.701660845728266,85.33383968808774
,,197.8,27.701658944970195,85.33384905731117
,,198.0,27.701657099793156,85.33385815256435
,,198.2,27.701655317693575,85.3338669368959
,,198.4,27.701653605139768,85.3338753784222
,,198.6,27.701653113759043,85.33386656899337
,,198.8,27.70166070499389,85.33386800233536
,,199.0,27.70166862771272,85.33386949826665
,,199.2,27.701676851006034,85.33387105095102
,,199.4,27.70168534095103,85.33387265398332
,,199.6,27.701694060701417,85.33387430040642
,,199.8,27.70170297067253,85.33387598274614
,,200.0,27.70171202883012,85.33387769306573
,,200.2,27.701721191086445,85.33387942304077
,,200.4,27.701730411801687,85.33388116405375
,,200.6,27.70173964438176,85.33388290730699
,,200.8,27.70174884195681,85.33388464395074
,,201.0,27.701757068410984,85.33389237629962
,,201.2,27.701766057976528,85.33389407366798
,,201.4,27.70177487775692,85.33389573897828
,,201.6,27.701783487282885,85.33389736458932
,,201.8,27.701791849465273,85.33389894349808
,,202.0,27.70179993115702,85.3339004694459
,,202.2,27.701807703594092,85.33390193700167
,,202.4,27.701810507413555,85.33390153781215
,,202.6,27.70181365928279,85.33389340991492
,,202.8,27.70181692337327,85.33388499262666
,,203.0,27.70182028471526,85.3338763245506
,,203.2,27.701823727152288,85.33386744735036
,,203.4,27.70182723345639,85.33385840545259
,,203.6,27.701830785492614,85.33384924562291
,,203.8,27.70183436443247,85.33384001641538
,,204.0,27.701837951013033,85.33383076750432
,,204.2,27.701841525834656,85.3338215489167
,,204.4,27.701845069686716,85.33381241019197
,,204.6,27.701848563887864,85.33380339950476
,,204.8,27.701851990625002,85.33379456279067
,,205.0,27.701855333274462,85.33378594291807
,,205.2,27.701858576689396,85.33377757894696
,,205.4,27.70186170743956,85.33376950551065
,,205.6,27.7018688067761,85.33376239537532
,,205.8,27.70187647900775,85.33376396427593
,,206.0,27.7018844144038,85.33376558699125
,,206.2,27.70189257496083,85.3337672557499
,,206.4,27.70190091980533,85.33376896219364
,,206.6,27.701909405528067,85.33377069744569
,,206.8,27.70191798664536,85.33377245220504
,,207.0,27.701926616184107,85.33377421686613
,,207.2,27.701935246378365,85.33377598166128
,,207.4,27.701943829455512,85.3337777368214
,,207.6,27.701952318480995,85.33377947274883
,,207.8,27.70196066822336,85.33378118019414
,,208.0,27.70196883599693,85.3337828504285
,,208.2,27.701976782438877,85.33378447540261
,,208.4,27.70198447218105,85.33378604788396
,,208.6,27.701992797027,85.33378810718875
,,208.8,27.701999181346995,85.33379268022695
,,209.0,27.702008444644726,85.33379209869756
,,209.2,27.702014765186778,85.33379662605212
,,209.4,27.702020992340962,85.33380108651367
,,209.6,27.702027087919948,85.33380545272895
,,209.8,27.702034924333084,85.33381807653957
,,210.0,27.7020353800419,85.33382632690954
,,210.2,27.70203585202463,85.33383487191035
,,210.4,27.702036337788755,85.33384366641607
,,210.6,27.702036834655438,85.33385266192784
,,210.8,27.702037339784763,85.33386180703037
,,211.0,27.70203785021017,85.33387104801574
,,211.2,27.70203836288176,85.33388032966701
,,211.4,27.702038874717264,85.3338895961815
,,211.6,27.702039382658825,85.33389879219811
,,211.8,27.702039883732834,85.33390786388128
,,212.0,27.70204037510978,85.33391676000423
,,212.2,27.7020408541607,85.33392543297087
,,212.4,27.702041318506982,85.33393383971772
,,212.6,27.702041514179626,85.33394248148223
,,212.8,27.702041546899974,85.3339508742517
,,213.0,27.702041580505377,85.33395949403692
,,213.2,27.702041614798617,85.33396829025348
,,213.4,27.7020416495721,85.33397720965138
,,213.6,27.702041684610723,85.33398619705893
,,213.8,27.702041719695437,85.33399519628763
,,214.0,27.702041754607244,85.33400415116637
,,214.2,27.702041789131577,85.33401300665828
,,214.4,27.70204182306274,85.33402171000137
,,214.6,27.70204185620818,85.33403021180662
,,214.8,27.70204188839236,85.3340384670483
,,215.0,27.702042849841433,85.33404462653012
,,215.2,27.70204423735047,85.334052754412
,,215.4,27.702045669155172,85.33406114177323
,,215.6,27.702047137219747,85.33406974154097
,,215.8,27.70204863298696,85.33407850358785
,,216.0,27.702050147478054,85.33408737531727
,,216.2,27.70205167142131,85.33409630241644
,,216.4,27.7020531954062,85.33410522975952
,,216.6,27.702054710057574,85.33411410242782
,,216.8,27.70205620622177,85.33412286680019
,,217.0,27.702052376807206,85.33413262548501
,,217.2,27.702053810354343,85.33414102305323
,,217.4,27.702055201109985,85.33414916995339
,,217.6,27.702054772852108,85.33415804602818
,,217.8,27.70205386033358,85.33416642646738
,,218.0,27.702052903226672,85.33417521639991
,,218.2,27.702051904944565,85.33418438447953
,,218.4,27.702050869267474,85.33419389598933
,,218.6,27.702049800342007,85.33420371284741
,,218.8,27.702048702670712,85.33421379370306
,,219.0,27.702047581090365,85.33422409413605
,,219.2,27.702046440738116,85.33423456696745
,,219.4,27.702045287005063,85.33424516268627
,,219.6,27.702044125477407,85.33425582998957
,,219.8,27.702042961866255,85.3342665164274
,,220.0,27.702041801927734,85.33427716913636
,,220.2,27.702040651375974,85.33428773563861
,,220.4,27.702039515792105,85.33429816467793
,,220.6,27.702038400532825,85.33430840705913
,,220.8,27.702037310642453,85.33431841645589
,,221.0,27.70203625077218,85.33432815015237
,,221.2,27.702035225110006,85.33433756968662
,,221.4,27.702034237324145,85.33434664137023
,,221.6,27.70203329052202,85.33435533666506
,,221.8,27.702037391343488,85.3343545120189
,,222.0,27.702045038130294,85.33435631511607
,,222.2,27.702053066526886,85.33435820819605
,,222.4,27.702061452812313,85.33436018566552
,,222.6,27.702070170617542,85.3343622413067
,,222.8,27.702079190884003,85.33436436826764
,,223.0,27.702088481878192,85.33436655906564
,,223.2,27.702098009270713,85.33436880560589
,,223.4,27.702107736286425,85.33437109921691
,,223.6,27.702117623930008,85.33437343070365
,,223.8,27.702127631288313,85.33437579041887
,,224.0,27.702137715907455,85.33437816835207
,,224.2,27.70214783423906,85.33438055423458
,,224.4,27.70215794214641,85.33438293765909
,,224.6,27.702167995457994,85.33438530821002
,,224.8,27.702177950553107,85.3343876556017
,,225.0,27.70218886769694,85.33438400395012
,,225.2,27.702198500696365,85.33438627539228
,,225.4,27.702207913881644,85.33438849500268
,,225.6,27.70221707169536,85.334390654397
,,225.8,27.702225941895467,85.33439274597258
,,226.0,27.702234495947007,85.33439476300097
,,226.2,27.70224270932506,85.33439669969923
,,226.4,27.70225056172026,85.33439855127843
,,226.6,27.702261341108226,85.33440707952398
,,226.8,27.702265723435143,85.33441439586082
,,227.0,27.702270183482085,85.33442184195198
,,227.2,27.702274694542457,85.33442937321055
,,227.4,27.702279229110594,85.33443694371557
,,227.6,27.702283759345402,85.33444450698606
,,227.8,27.702288257589473,85.33445201684769
,,228.0,27.702292696919283,85.33445942835141
,,228.2,27.702297051696974,85.33446669869454
,,228.4,27.70230129809196,85.33447378809171
,,228.6,27.702305414541847,85.3344806605443
,,228.8,27.702302899852118,85.33447586395481
,,229.0,27.70231011099271,85.33447349498614
,,229.2,27.70231771588651,85.33447099666361
,,229.4,27.702325693689218,85.33446837583486
,,229.6,27.702334021063034,85.33446564016673
,,229.8,27.70234267209593,85.33446279817169
,,230.0,27.70235161826659,85.33445985921944
,,230.2,27.702360828463792,85.33445683353047
,,230.4,27.70237026906792,85.33445373214934
,,230.6,27.70237990410056,85.33445056689553
,,230.8,27.702389695445948,85.3344473502906
,,231.0,27.702399603145125,85.33444409546169
,,231.2,27.702409585760535,85.33444081602168
,,231.4,27.702419600805523,85.33443752592805
,,231.6,27.7024296052298,85.3344342393235
,,231.8,27.70243955594918,85.33443097036181
,,232.0,27.702449410405194,85.33442773302409
,,232.2,27.70245912713841,85.33442454093039
,,232.4,27.702468666358037,85.33442140715259
,,232.6,27.702477990489847,85.33441834403439
,,232.8,27.702487064684806,85.33441536302422
,,233.0,27.70249736428027,85.33441832651005
,,233.2,27.702505847148355,85.33441553975969
,,233.4,27.702513996046193,85.3344128627236
,,233.6,27.70252179079049,85.33441030203231
,,233.8,27.702530742530957,85.33440952471987
,,234.0,27.70253833396715,85.33441211993178
,,234.2,27.70254607366763,85.3344147658294
,,234.4,27.702553916946382,85.33441744713632
,,234.6,27.70256181749991,85.33442014802323
,,234.8,27.70256972813235,85.3344228523557
,,235.0,27.702577601584345,85.33442554397767
,,235.2,27.702585391430468,85.33442820701809
,,235.4,27.702593053000697,85.33443082620605
,,235.6,27.70260054427573,85.33443338717682
,,235.8,27.702607826705382,85.33443587675161
